processing...
accuracy = 0.95665961945
precision = [ 0.97752809  0.96        0.96666667  1.          0.98214286  0.98058252
  0.98850575  0.95959596  0.95454545  0.82075472]
recall = [ 1.          0.98969072  0.94565217  0.84705882  0.96491228  0.93518519
  0.98850575  0.98958333  0.92307692  0.97752809]
F1 =  [ 0.98863636  0.97461929  0.95604396  0.91719745  0.97345133  0.95734597
  0.98850575  0.97435897  0.93854749  0.89230769]
macro_precision = 0.959032201622
macro_recall = 0.95611932784
macro_F1 = 0.957573549545
execution time = 0.7204463481903076
dimension = 8
